/*--------------------------------*- C++ -*----------------------------------*\
| =========                 |                                                 |
| \\      /  F ield         | OpenFOAM: The Open Source CFD Toolbox           |
|  \\    /   O peration     | Version:  2206                                  |
|   \\  /    A nd           | Website:  www.openfoam.com                      |
|    \\/     M anipulation  |                                                 |
\*---------------------------------------------------------------------------*/
FoamFile
{
    version     2.0;
    format      binary;
    arch        "LSB;label=32;scalar=64";
    class       faceSet;
    location    "constant/polyMesh/sets";
    object      nonOrthoFaces;
}
// * * * * * * * * * * * * * * * * * * * * * * * * * * * * * * * * * * * * * //


688
(
2949445
2949523
2949735
3148690
3148692
3148693
3148694
3148914
3148928
3148929
3148931
3148983
3148984
3149070
3149072
3149082
3149094
3149096
3149324
3149325
3149373
3149374
3149403
3149611
3149620
3149711
3149946
3149948
3149961
3150055
2888308
2888309
3150556
3150559
3150572
3150579
3150651
3150656
3150674
3150676
3150711
3150718
3150719
3150787
3150790
3150875
3150885
3150929
3152842
3154026
3154037
3154039
3154040
3154042
3154052
3154054
3154146
3154254
3154263
3154264
3154265
3154284
3154286
3154330
3088849
3088864
3088874
3154412
3154423
3088887
3154425
3154431
3154432
3154628
3154639
3154703
3154704
3154856
3023821
3023829
3023844
3023848
3023850
3023856
3023926
3023927
3023935
3023939
3023941
3023945
3089512
3024031
3024082
3089637
3089655
3089661
3089662
3089667
3155752
3155760
3155771
3155772
3155773
3155775
3155833
3155834
3155836
3155844
3155893
3155897
3155910
3155961
3156031
3156033
3156036
3156037
3156038
3156041
3156091
3090628
3090887
3090893
3090907
3090913
3090932
3090943
3091008
3091015
3091024
3091025
3091040
3091041
3091133
3157585
3158844
3158847
3158850
3158852
3158941
3159020
3159021
3159053
3159054
3159068
3159069
3159077
3159088
3159234
3159238
3159397
3159405
3159566
3159601
3159603
3160403
3160404
3160406
3160411
3160444
3160446
3160448
3160456
3160499
3160509
3160521
3160634
3160635
3160638
3160639
3160660
3160693
3160696
3163204
3163209
3163298
3163299
3163366
3163405
3163410
3163419
3163437
3163438
3163468
3163597
3163605
3163613
3163615
3163819
3163936
3164302
3164370
3164684
3164685
3164686
3164793
3164924
3164934
3164935
3164938
3164975
3165886
3101062
3101064
3101095
3101096
3101121
3101129
3101135
3101136
3101156
3101192
3101745
3101749
3101759
3101764
3101766
3101775
3101776
3101778
3101783
3101812
3101814
3167441
3167443
3167447
3167487
3167490
3167491
3167502
3167553
3167688
3167690
3167692
3167850
3167977
3102502
3168269
3168284
3102754
3102756
3102757
3102773
3102781
3102796
3102800
3102813
3168398
3102882
3102887
3168424
3102902
3102903
3102913
3102914
3102915
3102916
3102917
3168531
3168535
3103000
3103009
3168553
3168675
3168677
3168710
3168886
3168902
3168905
3168922
3168951
3169711
3169722
3171265
3171271
3171324
3171326
3171335
3171342
3171520
3171526
3172210
3172239
3172241
3172315
3172421
3172423
3172639
3172654
2976577
2976663
2976679
2976680
2976746
2976752
2976754
2976756
2976764
2976931
3043441
3043456
3174819
3043771
3043774
3043799
3043807
3043808
3174882
3174884
3174886
3174897
3043874
3043877
3043878
3043885
3043898
3043904
3043966
3175091
3175097
3175724
3175775
3175841
3175921
3175924
3176097
3111542
3111544
3111612
3111613
3111615
3111673
3111677
3112122
3112126
3112130
3112167
3112170
3112175
3112176
3112185
3112186
3178049
3178050
3178119
3178121
3178129
3178141
3112617
3112778
3112989
3112997
3113015
3113051
3113053
3113136
3113143
3113154
3113240
3113248
3178933
3178967
3178981
3178983
3179225
3179231
3179235
3179303
3179308
3180891
3180959
3180961
3180964
3180971
3180984
3181718
3181719
3181720
3181759
3181777
3181780
3181997
2854373
3182054
3182055
3182061
2919917
3182062
2919918
2919981
2919983
3182177
3183522
3183527
3183529
3183530
3183531
3183539
3183542
3184265
3184274
3184275
3184296
3184297
3184298
3184478
3184483
3184500
3184549
3184553
3184557
3184632
3184636
3185965
3185971
3185989
3120680
3120684
3120695
3120740
3120744
3120810
3120811
3186351
3186603
3121085
3121086
3186634
3121102
3186640
3121104
3186646
3186667
3186668
3186671
3186679
3121216
3121218
3121224
3121251
3121253
3186806
3121275
3121276
3121279
3121280
3121281
3121299
3186870
3186915
3186925
3121640
3121743
3121757
3121759
3121761
3121775
3121947
3121952
3121957
3122010
3122112
3122114
3122127
3122128
3122129
3122136
3122223
3188267
3188268
3188270
3188272
3188281
3188298
3188734
3188849
3188914
3188920
3188927
3123485
3123487
3058444
3058463
3190469
3059580
3059581
3059582
3059593
3190726
3190843
3190996
3191007
3061311
3061323
3192647
3061614
3061631
3061641
3061643
3061645
3061658
3061660
3061661
3061729
3061731
3061737
3061742
3061758
3061759
3192873
3192877
3192878
3061823
3128537
3128567
3128686
3128691
3128716
3128761
3128766
3128767
3128828
3128829
3128838
3128928
3194474
3194493
3194524
3129073
3129079
3129092
3194665
3129195
3129197
3129201
3129241
3129271
3129273
3129274
3129276
3129287
3129296
3129516
3129665
3129680
3129683
3129691
3129697
3129712
3129852
3130042
3130139
3130142
3196091
3196276
3131191
3131192
3131194
3001389
3001406
3001429
3001430
3001496
3001500
3001501
3001504
3001516
3001517
3001640
3134740
3135881
3135885
3135890
3136100
3136125
3136128
3136135
3136186
3136188
3136290
3136292
3136299
3136443
3136547
3136550
3136554
3136559
3136565
3136579
3136588
3136590
3136592
3136633
3136635
3136636
3136644
3136646
3136657
3136845
3136846
3136862
3136957
3136969
3136970
3136972
3136979
3136985
3136986
3137132
3137332
3137333
3137348
3137349
3137350
3137428
3137430
3138294
3138295
3138296
3138297
3138334
3138335
3138567
3074650
3075580
3075581
3075594
3075596
3076922
3076928
3142628
3142637
3142638
3077203
3077208
3077215
3077218
3077222
3142761
3077255
3077265
3077266
3077267
3142854
3142861
3142866
3142869
3077335
3077342
3077349
3077365
3077366
3077368
3142916
3077473
3077478
3143021
3143022
3143039
3143043
3143171
3143272
3143277
3143284
3143354
3143516
3143608
3143614
3143622
3143624
3143630
3143737
3143743
3143965
3143974
3143978
3144059
3144064
3144681
3144812
3144815
3144816
3144836
3144840
3144864
3144865
3144866
3144868
3145072
)


// ************************************************************************* //
